[station_image_example.jpg]
filters=bw=1;finetune2=1,0.000000,0.000000,0.322807,00000000,-0.017544;
moddate=000090e2b4d10000
width=2000
height=1334
textactive=0
